p door m factors_of_m added_to_S S_after
3	+3	0		—	{}
5	+1	4	2	2	{2}
7	+3	4	2	—	{2}
11	+3	8	2	—	{2}
13	+1	12	2·3	3	{2,3}
17	+1	16	2	—	{2,3}
19	+1	18	2·3	—	{2,3}
23	+3	20	2·5	5	{2,3,5}
29	+1	28	2·7	7	{2,3,5,7}
31	+1	30	2·3·5	—	{2,3,5,7}
37	+1	36	2·3	—	{2,3,5,7}
41	+1	40	2·5	—	{2,3,5,7}
43	+1	42	2·3·7	—	{2,3,5,7}
47	+3	44	2·11	11	{2,3,5,7,11}
53	+3	50	2·5	—	{2,3,5,7,11}
59	+3	56	2·7	—	{2,3,5,7,11}
61	+1	60	2·3·5	—	{2,3,5,7,11}
67	+1	66	2·3·11	—	{2,3,5,7,11}
71	+1	70	2·5·7	—	{2,3,5,7,11}
73	+1	72	2·3	—	{2,3,5,7,11}
79	+1	78	2·3·13	13	{2,3,5,7,11,13}
83	+3	80	2·5	—	{2,3,5,7,11,13}
89	+1	88	2·11	—	{2,3,5,7,11,13}
97	+1	96	2·3	—	{2,3,5,7,11,13}
101	+1	100	2·5	—	{2,3,5,7,11,13}
103	+3	100	2·5	—	{2,3,5,7,11,13}
107	+3	104	2·13	—	{2,3,5,7,11,13}
109	+1	108	2·3	—	{2,3,5,7,11,13}
113	+1	112	2·7	—	{2,3,5,7,11,13}
127	+1	126	2·3·7	—	{2,3,5,7,11,13}
131	+1	130	2·5·13	—	{2,3,5,7,11,13}
137	+1	136	2·17	17	{2,3,5,7,11,13,17}
139	+3	136	2·17	—	{2,3,5,7,11,13,17}
149	+1	148	2·37	37	{2,3,5,7,11,13,17,37}
151	+1	150	2·3·5	—	{2,3,5,7,11,13,17,37}
157	+1	156	2·3·13	—	{2,3,5,7,11,13,17,37}
163	+1	162	2·3	—	{2,3,5,7,11,13,17,37}
167	+3	164	2·41	41	{2,3,5,7,11,13,17,37,41}
173	+3	170	2·5·17	—	{2,3,5,7,11,13,17,37,41}
179	+3	176	2·11	—	{2,3,5,7,11,13,17,37,41}
181	+1	180	2·3·5	—	{2,3,5,7,11,13,17,37,41}
191	+1	190	2·5·19	19	{2,3,5,7,11,13,17,19,37,41}
193	+1	192	2·3	—	{2,3,5,7,11,13,17,19,37,41}
197	+1	196	2·7	—	{2,3,5,7,11,13,17,19,37,41}
199	+1	198	2·3·11	—	{2,3,5,7,11,13,17,19,37,41}
211	+1	210	2·3·5·7	—	{2,3,5,7,11,13,17,19,37,41}
223	+1	222	2·3·37	—	{2,3,5,7,11,13,17,19,37,41}
227	+3	224	2·7	—	{2,3,5,7,11,13,17,19,37,41}
229	+1	228	2·3·19	—	{2,3,5,7,11,13,17,19,37,41}
233	+3	230	2·5·23	23	{2,3,5,7,11,13,17,19,23,37,41}
239	+1	238	2·7·17	—	{2,3,5,7,11,13,17,19,23,37,41}
241	+1	240	2·3·5	—	{2,3,5,7,11,13,17,19,23,37,41}
251	+1	250	2·5	—	{2,3,5,7,11,13,17,19,23,37,41}
257	+1	256	2	—	{2,3,5,7,11,13,17,19,23,37,41}
263	+3	260	2·5·13	—	{2,3,5,7,11,13,17,19,23,37,41}
269	+3	266	2·7·19	—	{2,3,5,7,11,13,17,19,23,37,41}
271	+1	270	2·3·5	—	{2,3,5,7,11,13,17,19,23,37,41}
277	+1	276	2·3·23	—	{2,3,5,7,11,13,17,19,23,37,41}
281	+1	280	2·5·7	—	{2,3,5,7,11,13,17,19,23,37,41}
283	+3	280	2·5·7	—	{2,3,5,7,11,13,17,19,23,37,41}
293	+3	290	2·5·29	29	{2,3,5,7,11,13,17,19,23,29,37,41}
307	+1	306	2·3·17	—	{2,3,5,7,11,13,17,19,23,29,37,41}
311	+3	308	2·7·11	—	{2,3,5,7,11,13,17,19,23,29,37,41}
313	+1	312	2·3·13	—	{2,3,5,7,11,13,17,19,23,29,37,41}
317	+1	316	2·79	79	{2,3,5,7,11,13,17,19,23,29,37,41,79}
331	+1	330	2·3·5·11	—	{2,3,5,7,11,13,17,19,23,29,37,41,79}
337	+1	336	2·3·7	—	{2,3,5,7,11,13,17,19,23,29,37,41,79}
347	+3	344	2·43	43	{2,3,5,7,11,13,17,19,23,29,37,41,43,79}
349	+1	348	2·3·29	—	{2,3,5,7,11,13,17,19,23,29,37,41,43,79}
353	+1	352	2·11	—	{2,3,5,7,11,13,17,19,23,29,37,41,43,79}
359	+3	356	2·89	89	{2,3,5,7,11,13,17,19,23,29,37,41,43,79,89}
367	+3	364	2·7·13	—	{2,3,5,7,11,13,17,19,23,29,37,41,43,79,89}
373	+3	370	2·5·37	—	{2,3,5,7,11,13,17,19,23,29,37,41,43,79,89}
379	+1	378	2·3·7	—	{2,3,5,7,11,13,17,19,23,29,37,41,43,79,89}
383	+3	380	2·5·19	—	{2,3,5,7,11,13,17,19,23,29,37,41,43,79,89}
389	+1	388	2·97	97	{2,3,5,7,11,13,17,19,23,29,37,41,43,79,89,97}
397	+1	396	2·3·11	—	{2,3,5,7,11,13,17,19,23,29,37,41,43,79,89,97}
401	+1	400	2·5	—	{2,3,5,7,11,13,17,19,23,29,37,41,43,79,89,97}
409	+1	408	2·3·17	—	{2,3,5,7,11,13,17,19,23,29,37,41,43,79,89,97}
419	+1	418	2·11·19	—	{2,3,5,7,11,13,17,19,23,29,37,41,43,79,89,97}
421	+1	420	2·3·5·7	—	{2,3,5,7,11,13,17,19,23,29,37,41,43,79,89,97}
431	+1	430	2·5·43	—	{2,3,5,7,11,13,17,19,23,29,37,41,43,79,89,97}
433	+1	432	2·3	—	{2,3,5,7,11,13,17,19,23,29,37,41,43,79,89,97}
439	+1	438	2·3·73	73	{2,3,5,7,11,13,17,19,23,29,37,41,43,73,79,89,97}
443	+1	442	2·13·17	—	{2,3,5,7,11,13,17,19,23,29,37,41,43,73,79,89,97}
449	+1	448	2·7	—	{2,3,5,7,11,13,17,19,23,29,37,41,43,73,79,89,97}
457	+1	456	2·3·19	—	{2,3,5,7,11,13,17,19,23,29,37,41,43,73,79,89,97}
461	+1	460	2·5·23	—	{2,3,5,7,11,13,17,19,23,29,37,41,43,73,79,89,97}
463	+1	462	2·3·7·11	—	{2,3,5,7,11,13,17,19,23,29,37,41,43,73,79,89,97}
467	+3	464	2·29	—	{2,3,5,7,11,13,17,19,23,29,37,41,43,73,79,89,97}
479	+3	476	2·7·17	—	{2,3,5,7,11,13,17,19,23,29,37,41,43,73,79,89,97}
487	+1	486	2·3	—	{2,3,5,7,11,13,17,19,23,29,37,41,43,73,79,89,97}
491	+1	490	2·5·7	—	{2,3,5,7,11,13,17,19,23,29,37,41,43,73,79,89,97}
499	+3	496	2·31	31	{2,3,5,7,11,13,17,19,23,29,31,37,41,43,73,79,89,97}
503	+3	500	2·5	—	{2,3,5,7,11,13,17,19,23,29,31,37,41,43,73,79,89,97}
509	+3	506	2·11·23	—	{2,3,5,7,11,13,17,19,23,29,31,37,41,43,73,79,89,97}
521	+1	520	2·5·13	—	{2,3,5,7,11,13,17,19,23,29,31,37,41,43,73,79,89,97}
523	+1	522	2·3·29	—	{2,3,5,7,11,13,17,19,23,29,31,37,41,43,73,79,89,97}
541	+1	540	2·3·5	—	{2,3,5,7,11,13,17,19,23,29,31,37,41,43,73,79,89,97}
547	+1	546	2·3·7·13	—	{2,3,5,7,11,13,17,19,23,29,31,37,41,43,73,79,89,97}
557	+1	556	2·139	139	{2,3,5,7,11,13,17,19,23,29,31,37,41,43,73,79,89,97,139}
563	+3	560	2·5·7	—	{2,3,5,7,11,13,17,19,23,29,31,37,41,43,73,79,89,97,139}
569	+1	568	2·71	71	{2,3,5,7,11,13,17,19,23,29,31,37,41,43,71,73,79,89,97,139}
571	+1	570	2·3·5·19	—	{2,3,5,7,11,13,17,19,23,29,31,37,41,43,71,73,79,89,97,139}
577	+1	576	2·3	—	{2,3,5,7,11,13,17,19,23,29,31,37,41,43,71,73,79,89,97,139}
587	+3	584	2·73	—	{2,3,5,7,11,13,17,19,23,29,31,37,41,43,71,73,79,89,97,139}
593	+1	592	2·37	—	{2,3,5,7,11,13,17,19,23,29,31,37,41,43,71,73,79,89,97,139}
599	+1	598	2·13·23	—	{2,3,5,7,11,13,17,19,23,29,31,37,41,43,71,73,79,89,97,139}
601	+1	600	2·3·5	—	{2,3,5,7,11,13,17,19,23,29,31,37,41,43,71,73,79,89,97,139}
607	+1	606	2·3·101	101	{2,3,5,7,11,13,17,19,23,29,31,37,41,43,71,73,79,89,97,101,139}
613	+1	612	2·3·17	—	{2,3,5,7,11,13,17,19,23,29,31,37,41,43,71,73,79,89,97,101,139}
617	+1	616	2·7·11	—	{2,3,5,7,11,13,17,19,23,29,31,37,41,43,71,73,79,89,97,101,139}
619	+3	616	2·7·11	—	{2,3,5,7,11,13,17,19,23,29,31,37,41,43,71,73,79,89,97,101,139}
631	+1	630	2·3·5·7	—	{2,3,5,7,11,13,17,19,23,29,31,37,41,43,71,73,79,89,97,101,139}
641	+1	640	2·5	—	{2,3,5,7,11,13,17,19,23,29,31,37,41,43,71,73,79,89,97,101,139}
643	+3	640	2·5	—	{2,3,5,7,11,13,17,19,23,29,31,37,41,43,71,73,79,89,97,101,139}
647	+1	646	2·17·19	—	{2,3,5,7,11,13,17,19,23,29,31,37,41,43,71,73,79,89,97,101,139}
653	+3	650	2·5·13	—	{2,3,5,7,11,13,17,19,23,29,31,37,41,43,71,73,79,89,97,101,139}
659	+3	656	2·41	—	{2,3,5,7,11,13,17,19,23,29,31,37,41,43,71,73,79,89,97,101,139}
661	+1	660	2·3·5·11	—	{2,3,5,7,11,13,17,19,23,29,31,37,41,43,71,73,79,89,97,101,139}
673	+1	672	2·3·7	—	{2,3,5,7,11,13,17,19,23,29,31,37,41,43,71,73,79,89,97,101,139}
677	+1	676	2·13	—	{2,3,5,7,11,13,17,19,23,29,31,37,41,43,71,73,79,89,97,101,139}
683	+1	682	2·11·31	—	{2,3,5,7,11,13,17,19,23,29,31,37,41,43,71,73,79,89,97,101,139}
691	+1	690	2·3·5·23	—	{2,3,5,7,11,13,17,19,23,29,31,37,41,43,71,73,79,89,97,101,139}
701	+1	700	2·5·7	—	{2,3,5,7,11,13,17,19,23,29,31,37,41,43,71,73,79,89,97,101,139}
709	+1	708	2·3·59	59	{2,3,5,7,11,13,17,19,23,29,31,37,41,43,59,71,73,79,89,97,101,139}
719	+3	716	2·179	179	{2,3,5,7,11,13,17,19,23,29,31,37,41,43,59,71,73,79,89,97,101,139,179}
727	+1	726	2·3·11	—	{2,3,5,7,11,13,17,19,23,29,31,37,41,43,59,71,73,79,89,97,101,139,179}
733	+3	730	2·5·73	—	{2,3,5,7,11,13,17,19,23,29,31,37,41,43,59,71,73,79,89,97,101,139,179}
739	+1	738	2·3·41	—	{2,3,5,7,11,13,17,19,23,29,31,37,41,43,59,71,73,79,89,97,101,139,179}
743	+3	740	2·5·37	—	{2,3,5,7,11,13,17,19,23,29,31,37,41,43,59,71,73,79,89,97,101,139,179}
751	+1	750	2·3·5	—	{2,3,5,7,11,13,17,19,23,29,31,37,41,43,59,71,73,79,89,97,101,139,179}
757	+1	756	2·3·7	—	{2,3,5,7,11,13,17,19,23,29,31,37,41,43,59,71,73,79,89,97,101,139,179}
761	+1	760	2·5·19	—	{2,3,5,7,11,13,17,19,23,29,31,37,41,43,59,71,73,79,89,97,101,139,179}
769	+1	768	2·3	—	{2,3,5,7,11,13,17,19,23,29,31,37,41,43,59,71,73,79,89,97,101,139,179}
773	+3	770	2·5·7·11	—	{2,3,5,7,11,13,17,19,23,29,31,37,41,43,59,71,73,79,89,97,101,139,179}
787	+3	784	2·7	—	{2,3,5,7,11,13,17,19,23,29,31,37,41,43,59,71,73,79,89,97,101,139,179}
797	+1	796	2·199	199	{2,3,5,7,11,13,17,19,23,29,31,37,41,43,59,71,73,79,89,97,101,139,179,199}
809	+1	808	2·101	—	{2,3,5,7,11,13,17,19,23,29,31,37,41,43,59,71,73,79,89,97,101,139,179,199}
811	+1	810	2·3·5	—	{2,3,5,7,11,13,17,19,23,29,31,37,41,43,59,71,73,79,89,97,101,139,179,199}
821	+1	820	2·5·41	—	{2,3,5,7,11,13,17,19,23,29,31,37,41,43,59,71,73,79,89,97,101,139,179,199}
823	+3	820	2·5·41	—	{2,3,5,7,11,13,17,19,23,29,31,37,41,43,59,71,73,79,89,97,101,139,179,199}
827	+1	826	2·7·59	—	{2,3,5,7,11,13,17,19,23,29,31,37,41,43,59,71,73,79,89,97,101,139,179,199}
829	+1	828	2·3·23	—	{2,3,5,7,11,13,17,19,23,29,31,37,41,43,59,71,73,79,89,97,101,139,179,199}
839	+3	836	2·11·19	—	{2,3,5,7,11,13,17,19,23,29,31,37,41,43,59,71,73,79,89,97,101,139,179,199}
853	+1	852	2·3·71	—	{2,3,5,7,11,13,17,19,23,29,31,37,41,43,59,71,73,79,89,97,101,139,179,199}
857	+3	854	2·7·61	61	{2,3,5,7,11,13,17,19,23,29,31,37,41,43,59,61,71,73,79,89,97,101,139,179,199}
859	+1	858	2·3·11·13	—	{2,3,5,7,11,13,17,19,23,29,31,37,41,43,59,61,71,73,79,89,97,101,139,179,199}
863	+3	860	2·5·43	—	{2,3,5,7,11,13,17,19,23,29,31,37,41,43,59,61,71,73,79,89,97,101,139,179,199}
877	+1	876	2·3·73	—	{2,3,5,7,11,13,17,19,23,29,31,37,41,43,59,61,71,73,79,89,97,101,139,179,199}
881	+1	880	2·5·11	—	{2,3,5,7,11,13,17,19,23,29,31,37,41,43,59,61,71,73,79,89,97,101,139,179,199}
883	+1	882	2·3·7	—	{2,3,5,7,11,13,17,19,23,29,31,37,41,43,59,61,71,73,79,89,97,101,139,179,199}
887	+3	884	2·13·17	—	{2,3,5,7,11,13,17,19,23,29,31,37,41,43,59,61,71,73,79,89,97,101,139,179,199}
907	+3	904	2·113	113	{2,3,5,7,11,13,17,19,23,29,31,37,41,43,59,61,71,73,79,89,97,101,113,139,179,199}
911	+1	910	2·5·7·13	—	{2,3,5,7,11,13,17,19,23,29,31,37,41,43,59,61,71,73,79,89,97,101,113,139,179,199}
919	+1	918	2·3·17	—	{2,3,5,7,11,13,17,19,23,29,31,37,41,43,59,61,71,73,79,89,97,101,113,139,179,199}
929	+1	928	2·29	—	{2,3,5,7,11,13,17,19,23,29,31,37,41,43,59,61,71,73,79,89,97,101,113,139,179,199}
937	+1	936	2·3·13	—	{2,3,5,7,11,13,17,19,23,29,31,37,41,43,59,61,71,73,79,89,97,101,113,139,179,199}
941	+1	940	2·5·47	47	{2,3,5,7,11,13,17,19,23,29,31,37,41,43,47,59,61,71,73,79,89,97,101,113,139,179,199}
947	+1	946	2·11·43	—	{2,3,5,7,11,13,17,19,23,29,31,37,41,43,47,59,61,71,73,79,89,97,101,113,139,179,199}
953	+1	952	2·7·17	—	{2,3,5,7,11,13,17,19,23,29,31,37,41,43,47,59,61,71,73,79,89,97,101,113,139,179,199}
967	+1	966	2·3·7·23	—	{2,3,5,7,11,13,17,19,23,29,31,37,41,43,47,59,61,71,73,79,89,97,101,113,139,179,199}
971	+1	970	2·5·97	—	{2,3,5,7,11,13,17,19,23,29,31,37,41,43,47,59,61,71,73,79,89,97,101,113,139,179,199}
977	+1	976	2·61	—	{2,3,5,7,11,13,17,19,23,29,31,37,41,43,47,59,61,71,73,79,89,97,101,113,139,179,199}
983	+3	980	2·5·7	—	{2,3,5,7,11,13,17,19,23,29,31,37,41,43,47,59,61,71,73,79,89,97,101,113,139,179,199}
991	+1	990	2·3·5·11	—	{2,3,5,7,11,13,17,19,23,29,31,37,41,43,47,59,61,71,73,79,89,97,101,113,139,179,199}
997	+3	994	2·7·71	—	{2,3,5,7,11,13,17,19,23,29,31,37,41,43,47,59,61,71,73,79,89,97,101,113,139,179,199}
